Aa,Ab,Ac,Ad,Ae,Af,ST01,SU02,D03,ST04,SU05,D06,D07,SU08,ST09,SU10,D11,ST12,SU13,D14,D15,SU16,ST17,SU18,D19,ST20,SU21,D22,D23,SU24,ST25,SU26,D27,ST28,SU29,D30,D31,SU32,Ca,Cb,Cc,Cd,Ce,Cf,Cg,Ch,Da,Db,Dc,Dd,De,Df,Dg,Dh,Di,Dj,Age,Attitude,Points,gender,attitude,deep,surf,points,age
3,1,2,1,1,1,4,2,4,4,2,4,4,3,3,2,3,3,3,4,3,2,3,2,4,2,3,3,2,2,4,4,4,4,3,4,4,3,2,4,3,4,3,2,3,4,3,4,4,5,4,2,4,3,4,4,53,37,25,F,3.7,3.5833333333333335,2.5833333333333335,25,53
2,2,2,2,1,1,4,2,4,4,4,2,3,4,4,1,4,1,3,2,3,4,4,2,3,1,2,2,3,4,2,4,2,2,3,3,4,5,4,4,4,5,5,3,2,4,4,3,3,4,3,2,3,3,2,4,55,31,12,M,3.1,2.9166666666666665,3.1666666666666665,12,55
4,1,1,1,1,1,3,1,4,4,2,3,4,1,3,1,4,4,2,4,2,3,3,1,4,3,2,4,3,3,4,4,3,5,2,4,3,5,3,5,4,4,3,4,4,2,1,4,4,1,4,1,3,1,1,5,49,25,24,F,2.5,3.5,2.25,24,49
4,2,3,2,1,1,3,3,4,4,3,4,4,2,3,1,3,3,2,4,3,2,3,1,3,3,3,3,3,2,3,2,3,3,3,4,4,3,3,4,4,4,3,4,4,3,2,4,5,2,5,1,5,4,2,5,53,35,10,M,3.5,3.5,2.25,10,53
3,2,2,1,2,1,4,2,5,3,4,4,4,3,4,2,4,2,3,4,3,3,4,1,4,3,2,3,3,4,4,3,3,5,3,3,4,4,2,4,4,3,3,3,4,4,3,4,4,4,4,2,5,5,3,3,49,37,22,M,3.7,3.6666666666666665,2.8333333333333335,22,49
4,2,1,1,1,1,4,3,5,4,3,5,5,4,4,1,5,3,1,5,4,2,3,2,4,3,4,5,4,2,4,2,5,4,2,5,5,3,3,5,4,4,3,4,5,4,3,5,4,4,4,3,4,3,3,5,38,38,21,F,3.8,4.75,2.4166666666666665,21,38
4,1,2,2,1,1,5,2,4,2,2,3,4,4,2,1,5,2,1,5,2,3,4,1,4,1,1,4,3,2,1,1,4,1,1,4,4,4,4,5,4,4,4,5,5,3,2,4,4,5,5,1,4,4,2,4,50,35,21,M,3.5,3.8333333333333335,1.9166666666666667,21,50
3,1,2,1,1,1,4,2,4,5,4,3,4,2,4,2,3,4,2,4,2,3,3,2,4,4,3,2,2,4,4,4,4,4,2,3,4,4,2,4,4,5,3,3,3,3,2,4,4,3,4,1,4,1,1,5,37,29,31,F,2.9,3.25,2.8333333333333335,31,37
2,1,2,1,1,1,4,1,5,5,2,4,5,4,4,1,4,4,1,4,3,4,4,1,5,4,2,4,4,2,4,4,5,5,1,4,5,3,3,5,4,5,3,3,5,5,4,2,4,5,4,4,5,4,4,2,37,38,24,M,3.8,4.333333333333333,2.1666666666666665,24,37
3,2,1,1,1,2,4,2,4,4,4,4,4,2,4,2,4,4,2,4,4,4,4,2,4,2,4,4,4,4,4,4,4,2,2,4,4,4,2,4,4,5,4,4,4,4,1,4,4,2,2,1,1,1,1,4,42,21,26,F,2.1,4,3,26,42
2,2,2,2,2,2,4,2,4,4,4,4,4,2,4,2,4,4,3,4,3,3,3,2,3,3,2,3,4,4,3,2,3,4,2,3,4,4,3,3,4,4,4,3,3,3,3,4,5,4,4,4,4,4,3,4,37,39,31,M,3.9,3.5833333333333335,2.6666666666666665,31,37
5,1,2,1,1,1,5,1,4,5,3,4,4,1,5,2,4,4,1,4,4,4,5,1,3,4,2,3,3,4,5,4,5,5,1,3,5,5,3,4,5,3,5,3,4,3,3,4,4,5,4,2,3,5,4,4,34,38,31,F,3.8,3.8333333333333335,2.4166666666666665,31,34
4,1,3,1,1,2,5,2,5,4,2,4,5,1,4,2,5,4,2,5,4,1,3,2,4,3,2,4,4,2,4,4,4,2,3,3,4,4,3,5,5,3,4,4,4,3,2,4,3,1,4,1,2,2,1,4,34,24,23,F,2.4,4.25,2.25,23,34
2,1,3,1,1,1,4,4,3,3,2,4,4,2,4,1,2,3,2,4,2,3,4,2,4,2,4,4,2,4,4,4,2,4,3,5,4,2,2,5,2,3,3,4,5,4,2,5,5,2,4,1,3,2,1,5,34,30,25,F,3,3.3333333333333335,2.75,25,34
4,1,1,1,1,1,3,1,5,2,2,4,4,4,2,1,4,1,2,4,4,2,3,2,5,1,2,5,2,2,1,4,3,1,2,5,5,4,3,1,3,4,2,4,2,4,2,2,4,1,2,5,2,3,1,4,35,26,21,M,2.6,4.166666666666667,2.3333333333333335,21,35
4,2,3,2,1,1,3,2,4,5,2,4,3,2,5,2,4,3,3,4,4,3,2,1,3,4,1,4,4,3,5,4,4,4,2,2,4,3,3,4,4,2,3,2,4,3,4,4,4,5,4,2,4,5,5,4,33,41,31,F,4.1,3.6666666666666665,2.3333333333333335,31,33
3,1,1,1,1,1,3,2,5,2,3,4,5,4,1,3,4,1,2,5,3,4,1,3,3,1,1,5,5,3,1,5,2,1,2,4,4,3,3,5,3,3,4,3,5,3,2,4,3,4,3,1,3,1,1,4,32,26,20,F,2.6,4.083333333333333,2.9166666666666665,20,32
3,2,2,1,1,1,4,2,5,4,2,4,4,2,4,2,4,2,3,4,4,3,3,3,4,3,1,2,1,3,3,4,4,3,3,2,4,2,2,4,4,3,2,2,3,4,2,3,4,2,3,2,3,3,2,2,44,26,22,F,2.6,3.5,2.5,22,44
2,1,1,1,1,1,4,3,4,4,4,3,4,4,2,4,4,3,4,4,4,4,3,1,4,2,4,4,5,4,4,5,4,2,4,4,5,4,2,5,4,4,4,4,3,4,1,2,2,2,2,1,2,1,1,3,29,17,9,M,1.7,4.083333333333333,3.75,9,29
3,1,2,1,1,1,4,3,5,5,2,4,5,4,4,1,4,4,2,4,4,2,2,2,4,4,2,4,4,3,4,4,4,3,4,4,2,4,4,5,4,4,4,4,5,3,2,4,4,2,4,1,4,1,1,4,30,27,24,F,2.7,4,2.75,24,30
4,4,4,4,4,4,3,2,4,3,2,4,4,4,3,2,4,2,1,4,3,2,3,1,4,2,1,4,4,3,3,4,4,2,2,4,4,4,3,4,4,3,4,3,4,4,4,4,4,4,4,3,4,5,3,4,27,39,28,M,3.9,3.9166666666666665,2.3333333333333335,28,27
3,2,2,2,1,2,4,2,4,2,3,4,4,4,2,1,4,3,2,4,4,3,2,1,4,2,4,4,4,2,2,2,4,2,2,4,4,3,3,5,4,3,2,4,3,3,3,4,4,3,4,2,3,4,3,4,29,34,30,M,3.4,4,2.4166666666666665,30,29
4,1,2,1,1,1,5,4,5,5,1,3,4,3,4,2,5,3,2,5,4,3,2,3,5,4,3,4,2,3,2,5,4,4,3,3,4,4,2,5,3,4,5,3,5,3,2,4,4,2,3,1,3,2,2,4,31,27,24,F,2.7,4,3,24,31
3,2,2,1,1,1,4,4,5,3,2,3,4,2,2,1,5,4,2,4,2,2,5,1,4,1,4,5,3,1,1,4,2,2,2,3,4,4,5,5,5,3,5,2,3,4,3,2,4,2,3,1,3,1,1,3,37,23,9,F,2.3,3.6666666666666665,2.4166666666666665,9,37
2,2,1,1,1,1,2,2,5,2,2,4,4,4,4,1,4,1,5,4,2,4,2,1,4,1,2,2,4,2,1,5,3,1,2,4,4,4,1,4,2,5,4,2,4,2,2,5,5,5,5,2,4,2,2,5,26,37,26,F,3.7,3.6666666666666665,2.8333333333333335,26,26
3,1,2,1,1,1,3,4,5,3,3,5,5,2,4,2,5,3,3,5,2,5,4,2,5,3,1,3,5,5,3,3,5,3,3,3,5,5,3,5,5,3,5,2,3,4,4,5,5,5,5,2,4,5,4,5,26,44,32,F,4.4,4.416666666666667,3.1666666666666665,32,26
2,2,1,1,1,1,5,4,5,4,4,4,4,1,4,4,4,4,3,4,2,4,3,1,4,4,2,4,4,4,5,4,4,3,1,4,4,4,4,5,5,4,4,4,5,4,4,5,5,4,5,2,4,3,4,5,30,41,32,M,4.1,3.9166666666666665,3,32,30
3,1,2,1,1,1,4,1,5,4,2,4,4,2,4,2,3,2,2,4,3,1,2,1,3,5,3,3,3,2,4,2,4,4,2,4,5,4,4,5,4,3,4,3,3,4,4,4,3,5,4,4,2,1,5,5,33,37,33,F,3.7,3.75,2,33,33
2,2,3,2,1,3,3,4,4,3,4,4,3,1,3,3,3,2,4,4,3,4,4,3,4,2,4,3,2,3,4,5,2,2,3,3,4,4,4,4,3,4,5,1,2,5,1,3,3,4,3,1,3,2,2,3,33,25,29,F,2.5,3.25,3.5,29,33
2,4,2,2,1,2,4,4,4,3,3,5,4,2,4,4,5,2,4,4,2,5,5,3,4,2,2,3,4,5,2,5,2,2,3,2,4,5,5,4,5,3,5,4,4,4,4,3,4,2,4,2,4,2,2,3,28,30,30,M,3,3.5833333333333335,3.75,30,28
1,1,1,1,1,1,2,4,5,2,4,5,5,1,4,1,5,1,1,5,5,1,1,4,4,1,5,5,5,1,1,1,5,1,2,5,5,5,5,5,5,5,5,5,5,5,1,5,5,4,5,1,4,3,1,5,26,34,19,M,3.4,4.916666666666667,2.5,19,26
4,1,1,1,1,1,5,2,5,2,2,4,4,2,4,1,3,4,2,5,2,1,4,1,4,1,2,4,3,2,4,4,2,2,2,3,4,4,4,5,4,4,4,2,5,4,3,4,4,4,4,1,4,4,2,2,27,32,23,F,3.2,3.5833333333333335,2.0833333333333335,23,27
3,2,2,1,2,3,4,1,3,4,2,3,4,2,2,3,3,4,3,4,2,2,3,1,3,3,2,3,3,3,4,5,2,4,2,3,2,3,3,4,3,3,4,2,3,2,2,3,2,1,2,1,2,2,1,4,25,20,19,F,2,2.9166666666666665,2.4166666666666665,19,25
4,3,1,1,1,1,4,2,4,4,2,4,3,3,3,1,4,3,3,4,4,3,3,1,4,3,3,3,3,3,2,4,3,2,2,4,4,4,3,5,4,2,4,4,4,4,2,4,4,1,2,1,2,2,1,5,31,24,12,F,2.4,3.6666666666666665,2.5833333333333335,12,31
2,5,4,5,5,4,4,1,5,4,2,4,5,2,3,1,5,3,1,4,4,1,3,1,4,3,1,4,5,1,4,3,4,2,2,5,5,3,3,5,3,2,3,4,5,3,3,4,5,4,5,3,4,5,4,5,20,42,10,M,4.2,4.5,1.5833333333333333,10,20
4,4,5,5,5,5,5,1,4,4,1,5,3,3,1,5,5,1,5,5,3,1,1,1,4,1,1,5,2,1,1,5,3,1,5,5,5,5,4,4,2,2,2,2,1,5,1,4,4,1,1,1,1,1,1,1,39,16,11,F,1.6,4.083333333333333,2.8333333333333335,11,39
4,1,2,1,1,1,5,2,4,5,2,4,4,2,4,1,4,4,2,4,4,1,4,1,4,4,2,4,4,2,4,4,4,5,1,3,3,2,2,4,4,4,3,4,4,3,3,4,4,2,4,2,4,2,2,4,38,31,20,M,3.1,3.8333333333333335,1.8333333333333333,20,38
3,3,1,1,2,3,4,5,4,5,2,3,5,1,4,2,2,5,4,4,2,1,2,1,3,3,2,3,2,2,2,5,3,4,2,4,4,2,1,4,3,3,4,4,3,2,4,5,5,5,4,1,3,4,2,5,24,38,26,M,3.8,3.25,2.4166666666666665,26,24
2,3,3,4,1,4,4,4,4,2,2,1,2,2,2,2,2,2,4,4,1,4,2,4,2,3,1,1,2,4,4,5,3,1,2,4,2,5,4,5,2,2,3,2,3,4,4,4,5,4,4,2,3,5,4,3,26,38,31,M,3.8,2.3333333333333335,3.25,31,26
4,1,2,1,1,2,2,3,4,1,4,4,5,4,1,4,2,2,2,4,5,4,1,4,2,1,1,2,2,4,1,5,2,1,2,4,4,4,2,5,4,5,4,2,4,3,3,5,4,2,4,2,3,3,2,5,25,33,20,M,3.3,3.3333333333333335,3.4166666666666665,20,25
4,2,2,1,2,1,4,4,5,5,3,4,4,2,4,3,4,3,4,4,5,2,3,4,5,5,3,3,2,2,5,5,5,3,5,3,5,4,1,4,3,3,4,4,4,5,2,4,2,1,1,1,1,1,1,3,30,17,23,F,1.7,4.083333333333333,3.4166666666666665,23,30
3,2,1,1,1,2,4,2,4,4,4,4,3,4,2,2,2,2,2,4,2,4,4,2,2,2,2,2,2,4,4,4,2,2,4,4,4,4,4,5,3,4,4,3,4,4,2,4,4,1,2,1,3,2,1,5,25,25,12,F,2.5,2.9166666666666665,3.1666666666666665,12,25
4,5,5,4,5,5,3,5,3,2,2,4,4,4,2,2,3,2,4,4,3,4,2,3,3,5,1,3,3,5,3,4,3,1,4,4,3,4,4,5,2,4,4,3,4,4,3,4,4,3,4,2,3,3,2,4,30,32,24,M,3.2,3.3333333333333335,3.5,24,30
2,1,2,1,1,1,5,1,5,5,4,4,5,2,5,1,5,5,4,4,2,1,5,2,5,4,2,4,2,2,5,5,4,5,3,1,5,5,4,5,5,2,5,2,4,5,2,5,5,2,5,1,4,4,2,5,48,35,17,F,3.5,3.8333333333333335,2.6666666666666665,17,48
3,1,2,1,1,2,5,4,4,5,2,3,4,1,5,2,4,5,3,4,3,1,5,1,4,5,3,4,3,2,5,4,3,5,3,4,4,3,2,5,5,3,4,3,4,3,4,5,5,2,4,1,4,2,1,4,24,32,29,F,3.2,3.6666666666666665,2.4166666666666665,29,24
4,1,1,1,1,1,5,5,5,5,4,5,5,3,4,1,4,5,4,5,4,4,4,2,4,5,4,5,4,4,3,4,5,4,4,5,5,4,3,5,4,4,3,4,4,3,4,5,5,4,5,2,5,3,4,5,40,42,23,F,4.2,4.666666666666667,3.5833333333333335,23,40
2,1,1,1,1,1,5,2,5,2,2,5,5,1,2,1,4,4,4,4,2,1,2,1,1,5,3,5,2,2,4,4,2,2,2,5,5,2,3,5,5,4,4,4,5,4,4,5,4,4,4,1,2,1,1,5,25,31,28,M,3.1,3.75,2.0833333333333335,28,25
2,1,2,1,1,1,4,3,4,4,4,5,2,1,5,4,4,4,4,3,3,3,4,4,4,3,4,3,4,4,5,5,3,3,4,3,3,5,5,4,4,4,5,3,3,5,4,5,5,4,5,2,4,2,3,5,23,39,31,F,3.9,3.4166666666666665,3.75,31,23
5,1,2,1,1,1,5,2,4,5,3,5,4,3,2,2,4,1,3,4,4,3,3,1,3,1,2,5,4,4,4,5,4,4,3,5,4,4,3,5,5,3,2,3,3,4,1,2,1,1,1,1,1,5,5,1,25,19,23,F,1.9,4.166666666666667,2.9166666666666665,23,25
4,2,3,2,1,1,2,1,3,2,2,2,1,4,2,2,4,2,2,4,2,2,4,1,1,2,4,2,4,5,4,5,4,2,2,3,5,5,5,3,4,5,5,2,2,5,1,2,2,4,2,1,1,2,1,5,23,21,25,F,2.1,2.9166666666666665,2.9166666666666665,25,23
2,1,1,1,1,1,3,5,5,5,2,3,4,3,2,1,4,2,1,4,5,2,3,1,5,5,4,5,2,1,4,2,3,1,3,5,5,4,3,4,3,5,5,5,5,3,1,5,4,3,2,1,2,1,1,5,27,25,18,M,2.5,4.166666666666667,2.4166666666666665,18,27
4,1,2,2,3,2,4,4,4,2,2,4,3,2,4,1,3,2,4,4,4,2,4,3,4,4,1,3,3,4,4,5,3,2,3,4,4,5,1,5,4,2,3,3,3,3,2,4,4,4,4,1,3,3,3,4,25,32,19,M,3.2,3.5833333333333335,3,19,25
4,1,1,1,1,2,4,2,3,2,4,2,4,4,2,1,3,2,4,4,4,5,4,1,3,1,4,1,2,4,1,5,3,1,3,3,2,4,1,4,4,2,4,1,3,4,3,2,2,5,2,3,2,5,4,4,23,32,22,M,3.2,2.8333333333333335,3.4166666666666665,22,23
3,2,2,1,1,1,4,4,5,2,2,4,4,2,4,1,4,1,2,4,4,2,4,2,5,2,3,4,2,4,4,5,3,1,3,4,5,5,4,5,4,5,5,3,5,4,1,4,3,4,4,1,1,1,2,5,23,26,25,F,2.6,4,2.9166666666666665,25,23
3,2,1,1,2,2,3,4,4,2,2,3,4,4,1,3,4,3,2,4,3,4,4,2,2,1,3,2,2,4,3,5,3,2,2,2,2,4,2,4,4,4,3,3,4,4,2,3,2,3,3,1,3,2,2,2,23,23,21,F,2.3,2.9166666666666665,3.25,21,23
4,1,2,1,1,1,4,4,4,4,2,2,5,2,4,2,2,2,4,5,1,2,4,5,4,1,2,5,2,2,4,5,2,2,4,2,2,5,4,5,4,1,5,4,4,4,4,5,5,4,5,1,4,3,2,5,45,38,9,F,3.8,3,3.25,9,45
3,1,4,2,1,1,5,1,5,5,2,4,4,1,3,1,5,4,3,5,4,4,3,1,4,4,2,4,3,4,5,4,3,3,1,3,5,4,1,5,5,3,4,3,4,3,4,4,2,3,2,1,2,2,4,4,22,28,28,F,2.8,4.083333333333333,2.3333333333333335,28,22
2,1,2,1,1,1,5,2,4,2,4,3,5,2,4,1,3,5,3,4,2,5,3,1,4,4,2,1,2,5,4,5,2,5,4,1,4,5,5,5,4,5,5,2,3,5,2,2,2,5,3,2,2,5,5,5,23,33,25,F,3.3,2.9166666666666665,3.25,25,23
4,2,3,3,1,3,2,2,4,1,1,4,3,4,2,1,3,4,3,4,4,3,2,1,2,1,1,4,2,3,5,4,3,1,3,5,4,4,3,5,3,4,4,4,5,2,4,5,5,5,5,4,5,5,5,5,21,48,29,M,4.8,3.5,2.5,29,21
3,1,1,1,1,1,4,2,5,3,1,5,5,1,3,1,3,3,2,4,4,2,3,1,3,3,1,5,3,2,4,3,5,3,1,5,5,4,1,4,3,3,4,2,3,2,4,3,4,5,4,3,4,4,5,4,21,40,33,M,4,4.333333333333333,1.75,33,21
3,3,2,2,1,1,4,2,5,3,2,4,4,3,4,1,4,4,1,5,4,3,3,2,4,4,2,5,4,3,4,2,3,3,2,4,5,4,3,5,4,4,4,4,4,4,4,4,4,4,4,4,4,4,4,4,21,40,33,F,4,4.25,2.25,33,21
3,1,1,1,1,1,4,1,5,2,2,2,4,4,5,1,4,4,1,5,2,2,4,1,2,3,2,3,4,2,5,4,3,2,1,5,2,4,2,4,4,2,4,2,5,2,5,5,5,4,5,4,5,5,4,5,21,47,25,F,4.7,3.4166666666666665,2.0833333333333335,25,21
2,1,1,1,1,2,4,4,5,2,2,2,2,2,2,2,4,2,2,2,2,4,4,2,4,1,1,4,2,4,4,5,4,1,2,2,4,4,2,5,5,4,5,2,5,5,2,3,2,4,2,1,2,2,2,3,26,23,18,F,2.3,3.0833333333333335,2.8333333333333335,18,26
1,2,1,1,1,1,4,2,5,2,4,5,5,2,2,1,5,1,4,4,4,3,2,1,4,2,2,4,5,2,1,4,4,1,4,5,5,5,2,5,3,2,5,5,5,2,2,5,5,2,4,1,4,2,1,5,25,31,22,F,3.1,4.583333333333333,2.8333333333333335,22,25
4,2,2,1,2,1,2,2,4,1,2,3,4,2,1,1,2,2,2,4,4,2,2,2,4,2,4,4,1,2,4,4,2,2,2,5,4,4,2,4,4,2,4,4,4,4,2,4,4,2,2,1,2,4,2,4,26,27,17,F,2.7,3.4166666666666665,2.4166666666666665,17,26
4,1,2,2,2,2,3,1,4,2,2,2,4,4,3,2,4,1,2,3,3,2,2,1,4,1,1,4,3,2,2,5,3,1,1,3,4,4,3,4,3,3,4,3,5,4,3,4,4,5,4,5,3,5,4,4,21,41,25,M,4.1,3.4166666666666665,2.25,25,21
3,2,2,1,1,1,4,2,5,4,4,4,2,2,4,1,4,5,4,4,3,2,4,1,4,3,4,3,2,4,4,3,2,4,3,4,4,4,1,5,4,1,4,4,4,4,2,4,5,3,5,1,4,3,3,4,23,34,28,F,3.4,3.4166666666666665,2.8333333333333335,28,23
3,2,1,1,1,2,4,1,4,2,2,4,4,2,3,1,3,4,2,4,3,2,2,1,5,2,3,3,2,2,4,4,4,2,3,3,4,4,3,5,4,3,5,2,4,2,3,4,2,1,3,1,2,3,2,4,22,25,22,F,2.5,3.5833333333333335,2.25,22,22
1,2,2,1,1,1,1,1,1,4,2,1,2,2,5,3,2,5,1,2,2,3,3,1,1,4,4,2,2,2,5,1,1,4,1,2,1,1,1,1,3,2,2,4,3,1,2,1,1,1,1,5,2,5,2,1,22,21,26,F,2.1,1.5833333333333333,1.8333333333333333,26,22
2,1,1,1,1,1,2,4,5,2,2,3,4,4,2,2,4,4,3,4,2,3,4,1,3,1,2,3,2,4,4,4,2,1,2,4,4,4,3,1,2,3,1,3,1,3,1,1,3,1,2,1,1,1,1,2,22,14,11,F,1.4,3.3333333333333335,2.9166666666666665,11,22
1,2,3,2,1,1,4,4,5,2,2,4,5,2,2,3,5,2,2,5,4,2,3,3,5,2,4,4,4,2,5,5,3,2,3,4,4,3,2,4,5,2,2,1,5,4,2,4,3,2,1,1,2,1,1,2,23,19,29,F,1.9,4.333333333333333,2.9166666666666665,29,23
2,1,2,1,1,2,5,1,4,4,4,4,5,2,4,2,4,5,1,5,4,2,4,1,4,4,2,4,5,2,5,2,4,5,2,5,5,4,2,5,4,2,4,4,5,4,4,4,4,1,4,3,3,5,4,5,22,37,22,M,3.7,4.416666666666667,2.0833333333333335,22,22
3,1,1,1,1,1,4,1,5,4,3,5,5,1,4,1,5,3,1,5,5,2,3,1,5,4,4,5,4,4,4,4,4,1,1,5,5,5,1,5,3,1,4,3,5,3,1,4,3,5,3,4,2,4,2,4,23,32,21,M,3.2,4.833333333333333,2.3333333333333335,21,23
4,1,2,1,1,1,4,2,4,2,1,3,2,4,2,1,5,3,3,2,3,2,3,2,3,4,2,3,4,2,1,4,3,2,3,1,4,3,2,5,5,3,4,2,4,3,4,3,4,2,3,2,3,2,2,3,24,28,28,M,2.8,3.0833333333333335,2.4166666666666665,28,24
5,2,3,1,1,1,2,5,4,4,3,2,2,1,5,3,4,5,2,3,3,1,4,4,4,5,2,2,2,1,5,5,4,3,2,2,4,4,1,5,4,4,4,3,3,3,4,4,5,5,3,4,4,4,3,5,22,41,33,F,4.1,3,2.75,33,22
2,1,1,1,1,1,4,4,4,3,4,5,4,2,2,1,4,4,3,5,4,4,4,2,4,1,3,4,3,4,1,5,4,2,2,3,5,5,5,5,3,3,5,2,4,5,2,5,4,1,4,1,1,1,1,5,23,25,16,F,2.5,4.083333333333333,3.25,16,23
5,2,1,1,1,1,4,1,5,2,1,3,5,1,2,1,5,2,1,5,2,3,2,1,2,4,1,4,5,3,1,5,4,1,1,5,4,2,1,5,4,3,3,4,5,4,3,4,3,3,1,1,3,5,2,3,22,28,31,M,2.8,4.083333333333333,1.75,31,22
2,5,4,4,5,4,4,1,4,4,2,4,4,2,2,2,4,4,4,3,4,4,3,1,4,2,1,3,3,2,1,5,4,2,2,4,4,5,4,4,2,5,5,3,5,4,3,4,3,4,3,4,3,5,4,5,20,38,22,M,3.8,3.75,2.5833333333333335,22,20
3,3,3,2,1,3,4,5,4,2,3,3,3,2,4,4,4,3,3,3,2,2,2,4,4,4,2,2,2,5,4,4,4,1,2,3,3,4,3,4,4,4,4,2,3,5,3,4,3,4,3,2,2,3,4,3,22,31,31,M,3.1,3.0833333333333335,3.3333333333333335,31,22
4,1,1,1,1,1,3,3,5,1,3,5,5,4,2,3,5,1,3,5,4,1,3,1,5,1,2,5,5,2,1,3,3,1,4,5,5,5,4,5,4,1,2,5,5,4,3,3,5,4,5,1,3,3,3,5,21,35,23,M,3.5,4.75,2.8333333333333335,23,21
5,1,2,2,1,1,3,2,5,3,2,4,5,4,2,1,5,2,2,4,5,3,2,4,4,1,2,4,3,2,1,4,4,1,2,4,4,2,1,5,4,4,2,5,5,3,3,4,5,3,4,3,4,2,3,5,22,36,26,F,3.6,4.25,2.5,26,22
3,1,1,2,1,1,5,2,5,3,3,5,5,2,4,1,4,3,3,4,3,2,3,1,5,3,3,3,3,2,3,4,3,3,2,5,5,4,4,5,3,3,4,2,5,3,2,3,3,3,2,2,2,4,3,2,23,26,12,F,2.6,4.166666666666667,2.4166666666666665,12,23
3,1,3,1,1,1,5,3,5,5,2,3,5,3,5,3,4,3,1,5,3,3,5,1,5,2,2,5,4,2,2,3,4,3,2,5,5,4,2,5,4,3,3,3,5,5,3,5,5,5,5,3,4,4,5,5,21,44,26,M,4.4,4.416666666666667,2.4166666666666665,26,21
4,2,2,1,1,2,2,4,4,2,2,5,4,1,2,2,4,2,2,2,4,1,2,4,4,2,1,4,4,4,4,5,4,1,1,2,5,4,2,5,2,2,1,4,4,4,4,4,5,5,5,4,5,4,5,4,22,45,31,M,4.5,3.8333333333333335,2.5833333333333335,31,22
3,2,2,1,1,1,4,2,5,2,3,2,4,2,3,4,4,2,2,4,3,2,4,4,4,1,2,2,2,4,1,5,4,2,1,2,4,5,4,4,4,5,4,3,3,2,2,4,2,4,2,3,2,5,4,4,29,32,19,M,3.2,3.3333333333333335,3,19,29
3,2,2,1,1,2,3,2,4,3,3,2,3,2,4,1,4,2,2,4,2,1,4,2,4,2,2,2,2,2,1,1,4,3,2,4,3,4,2,5,3,4,5,3,4,4,4,4,5,5,5,2,4,2,3,5,29,39,30,F,3.9,3.1666666666666665,2,30,29
2,2,1,1,1,1,5,1,4,2,4,2,4,2,4,4,4,2,4,4,2,2,3,1,4,4,5,2,4,4,4,5,2,1,4,4,2,5,5,2,4,4,5,2,2,5,2,4,4,2,4,1,2,1,1,4,21,25,12,F,2.5,3.1666666666666665,3.4166666666666665,12,21
5,3,5,5,5,5,4,2,5,4,5,4,4,2,3,2,4,5,2,4,4,3,2,1,3,4,3,3,4,3,4,5,2,2,2,4,5,4,4,4,3,3,4,2,4,3,3,4,4,2,4,2,3,5,2,4,28,33,17,M,3.3,3.8333333333333335,2.8333333333333335,17,28
2,4,3,5,5,5,4,1,5,3,2,5,4,2,5,2,5,2,1,5,4,2,3,1,4,1,3,3,3,3,1,5,4,2,1,4,5,4,2,5,4,4,5,4,4,5,2,4,5,3,4,1,3,5,1,5,21,33,18,F,3.3,4.25,2.25,18,21
3,2,2,1,1,1,4,2,5,4,4,4,4,2,2,2,4,4,3,5,4,4,4,1,4,2,2,3,2,2,4,4,3,3,2,4,4,5,3,5,4,4,5,2,4,5,2,4,4,3,2,1,4,2,4,4,30,30,19,F,3,3.8333333333333335,2.75,19,30
2,2,1,1,1,1,4,4,5,2,3,2,4,3,1,4,5,2,4,4,2,4,3,2,5,1,5,4,2,4,4,5,4,1,4,2,5,5,3,5,5,4,5,4,5,3,1,5,4,4,4,1,3,1,2,4,21,29,21,F,2.9,3.6666666666666665,3.9166666666666665,21,21
3,1,2,1,1,1,4,3,5,3,3,4,4,2,2,1,4,3,2,4,4,2,3,2,2,4,3,2,4,2,3,4,4,2,2,5,4,2,2,4,4,3,4,4,4,3,3,3,4,4,3,1,4,3,4,4,23,33,24,M,3.3,3.8333333333333335,2.3333333333333335,24,23
3,5,5,5,5,5,4,1,4,3,4,2,4,1,4,2,4,4,1,4,4,3,4,1,4,4,4,3,4,4,5,4,4,4,3,4,5,5,4,4,3,4,4,2,4,4,3,4,4,4,4,1,3,2,4,4,21,33,28,F,3.3,3.8333333333333335,2.75,28,21
3,4,4,4,5,4,4,3,4,2,4,4,5,1,4,2,4,4,4,5,2,2,4,1,2,4,3,4,4,2,4,4,4,2,2,4,4,5,4,4,4,2,4,2,2,4,3,4,3,4,4,2,3,4,3,5,21,35,17,F,3.5,3.8333333333333335,2.75,17,21
3,1,1,1,1,1,2,2,4,2,3,4,3,3,2,2,3,4,4,3,3,2,3,3,3,2,2,3,4,2,4,4,4,2,3,5,5,5,2,4,3,3,4,3,3,4,3,5,5,3,4,2,4,3,2,5,20,36,18,F,3.6,3.6666666666666665,2.9166666666666665,18,20
1,1,2,1,1,1,4,2,5,2,2,4,4,2,2,1,4,2,2,4,4,1,2,1,4,2,2,5,4,2,4,4,4,2,2,5,5,4,2,4,4,3,5,2,5,4,2,4,4,5,4,2,3,5,4,4,22,37,17,M,3.7,4.333333333333333,2.0833333333333335,17,22
4,4,4,5,3,4,4,4,4,4,4,4,4,4,3,3,3,3,3,3,3,3,3,3,4,4,4,4,2,4,5,3,4,4,5,5,5,4,3,4,3,4,4,3,4,4,5,5,5,5,5,1,5,1,5,5,21,42,23,M,4.2,3.75,3.6666666666666665,23,21
3,1,1,1,1,1,4,4,5,3,2,3,4,1,4,2,5,4,1,5,3,2,3,4,4,4,3,4,4,4,5,4,4,2,2,4,5,5,3,5,5,4,5,3,5,3,3,4,3,4,3,2,3,2,4,4,21,32,26,M,3.2,4.166666666666667,2.8333333333333335,26,21
2,1,1,1,1,1,5,5,5,4,4,4,4,1,5,4,5,5,3,4,3,3,5,3,5,4,2,3,4,4,1,5,5,4,2,3,3,5,1,1,1,1,1,4,1,1,5,5,5,5,5,5,5,5,5,5,20,50,28,F,5,4,3.4166666666666665,28,20
3,1,2,1,1,1,4,1,5,4,2,5,5,1,5,1,4,4,1,4,4,2,4,1,4,5,1,3,4,2,5,2,4,4,1,2,4,4,2,5,4,4,4,3,4,2,4,5,5,5,5,4,4,5,5,5,22,47,31,M,4.7,4,1.5833333333333333,31,22
3,2,3,1,1,1,3,5,5,4,5,4,5,2,2,2,5,3,3,4,4,2,3,4,5,2,2,3,5,2,2,3,5,2,2,5,5,3,1,5,4,5,4,3,4,3,4,4,4,5,4,2,3,2,4,4,20,36,27,F,3.6,4.583333333333333,2.9166666666666665,27,20
3,1,2,1,1,1,4,2,4,4,3,2,4,2,5,2,4,3,3,4,2,4,4,2,4,3,2,2,4,4,5,5,5,4,2,4,5,5,3,5,5,5,3,3,4,4,4,5,5,5,5,1,3,1,2,5,20,36,25,F,3.6,3.6666666666666665,3,25,20
4,3,4,3,4,3,4,5,4,3,2,3,4,2,3,1,3,1,5,5,2,2,2,3,4,3,1,4,2,2,4,5,3,2,4,5,5,3,4,4,3,4,4,2,3,5,2,5,4,3,2,2,3,2,3,3,24,29,23,M,2.9,3.6666666666666665,2.9166666666666665,23,24
1,1,1,1,1,1,4,2,5,5,1,3,5,2,4,4,4,2,3,5,4,2,3,2,4,1,3,2,3,2,2,5,4,1,2,4,3,4,2,5,5,4,5,2,4,4,2,5,4,5,4,2,3,2,4,4,20,35,21,F,3.5,3.8333333333333335,2.6666666666666665,21,20
4,3,2,2,1,2,2,3,4,2,2,3,2,4,1,2,3,1,4,3,4,4,2,4,2,1,1,2,2,3,1,4,2,1,1,2,2,4,2,4,3,3,3,3,4,4,4,4,5,4,4,4,5,4,3,3,19,40,27,F,4,2.5833333333333335,3,27,19
3,2,2,1,1,1,4,3,4,2,4,3,4,3,2,2,4,2,2,3,2,2,3,2,4,2,2,4,3,4,1,3,4,2,2,3,4,4,3,5,4,3,3,4,4,3,2,4,4,5,3,2,3,3,4,5,21,35,28,F,3.5,3.5,2.75,28,21
2,1,1,2,1,1,3,3,3,4,4,2,2,2,4,3,4,4,2,4,2,3,4,4,4,2,2,2,4,3,4,5,4,4,1,3,3,5,5,5,5,5,5,3,3,4,3,3,2,5,3,2,1,5,5,3,21,32,23,F,3.2,3.0833333333333335,3.0833333333333335,23,21
2,1,2,1,1,1,5,1,5,4,4,4,5,2,3,1,5,3,2,4,4,3,3,1,2,4,2,4,4,2,5,5,4,3,2,5,5,5,2,5,3,3,4,4,4,5,2,4,4,3,2,1,1,2,3,4,22,26,21,F,2.6,4.25,2.5,21,22
4,2,2,1,2,2,4,1,5,4,4,2,2,2,4,2,5,4,1,2,2,2,4,1,4,2,2,1,4,2,5,5,5,5,1,2,4,5,2,5,4,5,5,2,4,4,2,4,1,4,1,1,1,1,1,4,25,20,25,F,2,3.1666666666666665,2.3333333333333335,25,25
2,1,2,2,1,2,4,2,4,4,5,3,4,2,2,1,4,4,2,4,2,4,3,1,2,2,4,3,2,4,4,5,2,2,3,3,4,3,2,4,3,2,5,4,5,3,2,4,3,2,3,1,3,2,2,5,21,27,11,F,2.7,3.0833333333333335,3,11,21
2,1,1,2,2,1,4,4,4,4,2,4,4,3,2,2,4,4,2,5,4,3,2,2,5,2,4,4,4,2,4,4,4,4,3,4,4,5,4,5,4,3,4,2,4,4,3,4,4,4,4,2,3,2,2,4,22,32,19,F,3.2,4.166666666666667,3,19,22
1,2,2,2,2,2,2,4,3,2,5,2,1,2,4,4,3,1,4,2,2,4,4,4,4,1,4,2,2,4,2,5,2,1,3,2,2,5,5,3,4,5,5,2,2,5,3,4,5,3,5,1,4,1,2,5,25,33,24,F,3.3,2.25,4,24,25
4,1,3,2,1,1,4,4,5,3,2,3,4,2,3,2,3,2,3,4,3,2,3,4,3,2,4,2,2,4,4,4,4,2,3,3,4,5,4,4,3,2,5,3,3,3,4,4,4,4,4,3,4,4,4,4,20,39,28,F,3.9,3.3333333333333335,3.25,28,20
3,2,2,2,1,1,2,5,2,1,4,3,3,3,1,4,4,2,4,3,4,3,2,3,3,2,2,2,2,3,1,5,3,1,3,4,4,3,3,2,2,2,3,3,2,1,3,3,4,3,4,2,4,3,2,5,24,33,21,M,3.3,3.0833333333333335,3.5,21,24
2,2,1,1,1,1,3,4,3,3,4,3,3,4,4,3,3,2,3,3,2,4,3,2,3,1,3,2,2,4,2,4,3,2,3,3,3,4,4,4,3,4,5,2,3,4,3,3,4,4,4,2,3,2,2,3,20,30,24,F,3,2.75,3.5,24,20
2,2,3,1,1,2,4,1,4,3,4,4,4,4,4,2,2,4,5,3,2,4,3,4,4,2,3,3,4,5,4,5,2,2,4,4,3,5,3,3,4,5,3,2,4,4,4,4,4,4,4,2,4,5,3,3,21,37,24,M,3.7,3.25,3.8333333333333335,24,21
3,2,2,1,1,1,4,2,4,3,3,5,4,3,4,1,4,4,3,4,3,3,5,1,5,4,3,4,3,4,2,4,4,3,3,3,5,5,4,5,4,4,5,3,3,3,3,4,3,1,3,1,3,2,1,4,20,25,20,F,2.5,4,2.9166666666666665,20,20
2,2,1,1,1,2,4,2,4,4,2,3,4,2,4,1,3,3,1,4,2,3,3,1,4,5,1,4,4,2,4,5,4,4,1,3,4,5,2,4,4,3,4,1,3,4,2,3,3,4,4,1,3,2,4,3,20,29,19,F,2.9,3.5833333333333335,2.1666666666666665,19,20
4,1,1,1,1,1,4,1,4,3,2,4,5,1,4,1,4,5,2,5,3,1,3,1,4,4,2,5,3,1,4,2,4,4,2,4,4,4,3,5,4,4,5,5,5,4,3,5,4,3,4,3,3,5,4,5,31,39,30,M,3.9,4.083333333333333,1.6666666666666667,30,31
4,1,1,1,1,1,2,1,5,2,3,4,5,2,4,1,4,2,2,5,3,3,2,1,4,2,3,4,3,2,3,2,5,2,2,4,5,3,3,5,4,4,3,4,5,4,2,5,5,5,5,1,3,2,3,5,20,36,22,F,3.6,4.25,2.0833333333333335,22,20
3,2,3,2,1,1,4,1,4,4,4,3,4,3,4,1,4,3,2,5,3,4,3,1,5,1,3,3,2,4,3,5,3,2,2,3,2,4,2,4,3,2,4,1,3,3,2,4,2,4,2,2,2,5,2,4,22,29,16,F,2.9,3.4166666666666665,2.8333333333333335,16,22
5,1,2,1,1,2,4,2,4,4,4,2,3,2,4,3,2,2,4,4,2,4,4,2,4,3,4,4,2,4,4,4,2,2,4,4,4,4,2,4,3,4,4,2,3,4,2,2,2,1,2,2,2,2,2,4,22,21,16,F,2.1,3.0833333333333335,3.4166666666666665,16,22
4,2,2,2,2,2,3,4,4,2,4,3,4,4,2,2,3,4,4,4,4,3,3,2,3,3,2,3,3,4,3,3,3,2,3,4,4,5,3,4,4,4,5,3,4,5,2,3,4,3,3,2,3,4,3,4,21,31,19,M,3.1,3.5,3.3333333333333335,19,21
3,1,1,1,1,1,5,2,4,4,2,3,2,2,4,2,4,4,4,4,4,2,5,1,2,5,2,4,4,2,5,5,4,4,2,4,5,5,1,4,4,2,4,2,4,2,4,4,5,4,5,2,3,5,4,4,22,40,30,M,4,3.6666666666666665,2.5833333333333335,30,22
4,1,2,1,1,1,4,1,5,4,3,3,5,4,4,1,5,2,2,5,4,4,3,1,4,1,4,5,4,4,1,4,3,2,2,4,4,4,4,5,4,4,4,5,5,2,2,5,4,1,4,2,2,4,2,5,21,31,23,F,3.1,4.25,2.8333333333333335,23,21
3,2,2,1,1,1,2,3,5,3,4,4,5,4,3,2,4,2,2,5,4,4,4,2,4,1,2,4,4,4,5,5,4,2,3,4,4,5,4,5,3,4,5,1,5,4,2,3,4,1,3,1,3,1,1,4,21,23,19,F,2.3,4.25,3.3333333333333335,19,21
2,2,2,1,1,1,3,3,5,3,3,3,4,4,4,2,4,3,2,5,4,5,5,1,4,2,2,3,3,3,4,5,5,2,2,3,3,4,3,4,4,5,5,2,4,3,2,3,2,5,2,3,2,3,3,3,21,28,18,F,2.8,3.8333333333333335,3,18,21
5,1,1,1,1,1,5,3,5,5,2,3,4,2,5,5,5,5,1,5,5,4,1,4,5,2,1,5,5,2,5,5,5,5,1,1,5,1,5,1,1,5,1,1,1,1,3,5,5,4,5,1,2,5,2,5,21,37,28,F,3.7,4.416666666666667,2.5833333333333335,28,21
3,1,3,2,1,1,4,2,4,2,2,3,4,2,4,2,4,2,2,4,3,2,4,1,3,2,2,2,4,2,5,5,4,4,2,3,4,5,4,4,4,2,5,2,3,4,3,4,4,1,4,1,2,2,2,3,20,26,21,F,2.6,3.5,2.4166666666666665,21,20
2,1,1,1,1,1,4,2,5,2,5,4,5,2,2,4,4,4,2,5,1,4,3,1,5,4,5,2,2,4,1,5,2,2,5,4,4,4,4,5,2,4,4,4,4,3,2,4,4,1,4,1,2,1,1,4,21,24,19,F,2.4,3.5833333333333335,3.5833333333333335,19,21
3,1,2,1,1,1,5,1,4,4,2,4,4,1,4,1,4,4,2,4,2,2,3,1,5,4,2,2,3,2,5,4,4,4,2,4,4,5,4,4,4,4,4,3,5,5,4,4,4,2,4,1,4,2,1,4,25,30,27,F,3,3.6666666666666665,2.0833333333333335,27,25
3,2,1,1,1,1,4,4,3,2,3,2,2,5,4,5,2,3,4,2,2,5,4,2,3,3,5,1,2,5,2,5,2,4,4,2,2,5,5,4,2,5,5,1,1,5,3,4,3,2,3,2,2,3,2,4,21,28,24,M,2.8,2.0833333333333335,4.333333333333333,24,21
3,1,2,1,1,1,3,2,4,3,2,4,4,2,3,2,5,3,2,5,4,4,3,2,5,2,2,5,4,3,4,5,3,2,2,4,4,4,3,5,4,4,5,2,4,4,1,4,4,3,4,1,3,3,2,4,24,29,21,F,2.9,4.25,2.6666666666666665,21,24
4,1,2,1,1,1,3,3,4,2,4,3,4,2,3,2,5,4,2,4,2,4,4,1,4,2,4,3,2,2,4,4,4,1,3,4,4,5,5,5,4,3,5,2,3,5,2,3,2,4,2,2,1,3,4,1,20,24,20,F,2.4,3.5833333333333335,3,20,20
4,3,4,5,4,5,3,1,5,3,4,4,4,2,3,2,4,3,2,4,2,4,2,1,4,2,2,4,4,4,1,4,4,2,1,4,5,5,5,5,3,3,4,3,5,4,2,4,4,3,4,2,3,3,2,4,21,31,28,M,3.1,4,2.6666666666666665,28,21
3,2,2,1,1,1,4,1,4,4,3,3,4,2,4,1,4,4,2,4,4,2,3,1,3,4,3,4,2,1,5,5,3,3,2,4,1,3,3,4,4,4,4,4,4,3,1,2,3,2,4,1,1,1,1,3,20,19,12,F,1.9,3.3333333333333335,2.1666666666666665,12,20
3,4,3,2,1,1,4,3,4,1,2,2,4,3,4,2,4,2,2,5,4,3,2,1,4,2,3,2,1,2,1,5,4,1,3,4,4,3,1,4,4,3,4,2,5,2,2,3,1,2,1,2,1,5,1,2,20,20,21,F,2,3.5,2.6666666666666665,21,20
3,2,2,2,1,2,5,1,4,4,2,2,4,1,4,1,3,4,3,4,2,3,3,1,4,4,4,2,2,2,5,3,4,3,2,3,4,4,4,4,4,4,3,3,4,4,3,4,4,5,4,2,4,3,4,5,18,38,28,F,3.8,3.1666666666666665,2.25,28,18
3,2,2,3,1,2,4,3,4,4,2,2,4,2,4,2,4,3,2,4,3,2,3,2,4,2,4,3,4,2,5,4,3,1,3,4,4,4,2,5,5,5,5,3,4,2,3,4,4,5,3,1,4,2,4,4,21,34,31,F,3.4,3.5833333333333335,2.6666666666666665,31,21
4,1,1,1,1,1,3,4,4,2,4,4,3,2,3,4,4,2,3,4,2,4,2,2,3,3,1,3,3,4,5,5,3,1,2,4,4,5,3,4,4,3,5,3,4,5,1,4,4,5,4,4,2,4,5,4,19,37,18,F,3.7,3.4166666666666665,3.3333333333333335,18,19
4,1,2,1,1,1,4,5,5,3,4,3,5,3,3,4,5,3,1,5,3,1,4,5,4,2,2,5,4,3,2,5,5,1,5,5,2,4,4,5,3,5,5,4,4,5,3,4,4,3,4,1,2,2,3,3,21,29,25,F,2.9,4.25,3.5,25,21
2,3,3,1,1,2,4,2,5,4,3,2,3,2,4,1,4,4,3,3,4,3,4,1,4,3,2,2,4,4,5,5,2,4,3,2,4,4,2,4,3,4,4,2,2,4,2,4,2,4,2,1,2,1,1,4,20,23,19,F,2.3,3.25,2.75,19,20
2,1,2,1,1,1,3,2,4,3,4,5,4,1,4,1,4,3,2,5,4,1,2,1,4,2,2,4,4,2,4,2,5,3,2,5,5,4,4,4,3,5,5,4,5,5,4,4,5,4,4,3,4,4,4,5,21,41,21,M,4.1,4.416666666666667,2,21,21
4,3,2,2,1,1,4,3,4,4,3,3,4,2,2,2,3,2,2,4,3,3,4,1,3,2,2,3,3,4,5,4,3,4,3,3,3,5,3,4,4,3,4,4,3,4,2,4,3,3,3,1,2,2,3,4,20,27,16,F,2.7,3.25,2.8333333333333335,16,20
2,1,2,3,1,1,4,5,5,4,3,4,5,5,4,1,4,2,2,4,2,5,3,5,4,4,2,2,4,5,5,1,4,5,3,4,5,5,5,5,4,5,5,3,4,4,1,5,5,4,5,1,3,2,4,5,21,35,7,F,3.5,3.9166666666666665,3.5,7,21
4,2,3,1,2,2,4,3,4,2,1,4,4,2,3,1,4,4,2,4,4,2,4,1,3,1,4,3,4,3,5,5,4,3,2,3,2,4,5,5,4,4,5,4,4,2,4,5,3,2,4,2,3,4,2,5,20,34,21,F,3.4,3.5833333333333335,2.5,21,20
3,2,3,1,1,1,4,5,5,4,3,3,5,2,4,1,5,2,2,5,5,3,4,4,5,2,2,4,3,4,5,4,4,2,3,5,5,5,3,5,4,4,4,4,5,3,2,5,4,4,4,1,3,2,2,5,18,32,17,F,3.2,4.5,3.1666666666666665,17,18
2,3,2,2,1,2,4,1,5,3,2,3,2,4,3,3,4,5,4,4,3,3,5,1,3,5,4,3,4,4,5,5,3,3,1,4,5,5,5,4,3,5,5,3,4,5,3,4,4,3,2,4,2,5,3,3,22,33,22,M,3.3,3.5833333333333335,3.0833333333333335,22,22
4,1,2,1,1,1,4,2,5,4,4,3,4,3,4,2,4,4,3,4,3,4,3,1,2,3,3,3,4,3,4,3,4,2,3,4,4,4,4,3,3,4,5,3,4,3,2,4,3,4,2,3,3,5,3,4,22,33,18,F,3.3,3.6666666666666665,2.9166666666666665,18,22
3,2,2,3,1,1,2,3,3,2,3,2,2,4,3,3,2,1,3,3,4,5,2,2,3,1,1,1,2,5,4,5,1,1,2,5,3,2,2,5,3,5,3,2,3,4,2,3,4,5,3,3,3,5,4,3,24,35,25,M,3.5,2.5833333333333335,3.1666666666666665,25,24
2,1,1,1,1,1,2,2,4,4,3,3,5,2,4,1,4,4,3,5,4,2,3,2,4,4,1,4,4,2,5,4,4,3,3,4,5,5,4,5,4,3,5,3,5,4,2,4,4,4,4,2,3,3,2,4,19,32,24,F,3.2,4.166666666666667,2.5,24,19
3,1,2,1,1,1,4,3,4,4,4,3,3,4,4,3,4,2,4,4,2,4,3,3,3,2,4,2,3,5,5,5,4,3,3,3,4,4,5,4,4,5,5,3,3,5,3,3,4,4,3,1,3,2,4,4,20,31,23,F,3.1,3.25,3.8333333333333335,23,20
5,1,2,1,1,1,2,4,5,2,2,4,4,2,2,1,5,1,2,4,5,2,2,4,4,2,1,4,4,2,4,4,4,2,2,5,4,1,1,5,4,4,2,2,5,2,2,4,2,4,2,2,2,4,4,2,20,28,23,F,2.8,4.333333333333333,2.25,23,20
3,1,3,3,1,1,5,3,5,5,5,3,5,2,4,4,3,4,4,5,2,2,4,1,3,5,5,5,4,2,5,5,3,5,5,5,4,3,3,5,4,5,5,1,4,2,1,1,2,3,3,1,2,1,1,2,17,17,26,F,1.7,3.9166666666666665,3.4166666666666665,26,17
4,3,4,2,2,4,5,5,3,3,4,3,4,5,3,2,2,3,2,2,3,5,3,1,2,1,4,4,2,4,1,4,1,1,4,4,2,5,5,4,4,5,5,3,3,5,1,3,3,1,3,1,2,1,1,3,19,19,12,M,1.9,2.6666666666666665,3.75,12,19
2,2,2,1,1,1,4,2,5,2,2,3,3,4,3,3,2,3,2,3,3,4,3,2,3,2,2,2,3,4,4,5,3,2,2,3,4,4,4,3,3,3,4,2,4,4,4,4,3,5,3,3,1,4,4,4,20,35,32,F,3.5,3.0833333333333335,3,32,20
3,1,2,1,1,1,3,2,5,2,3,3,5,3,2,1,5,2,2,5,4,3,4,1,2,2,2,4,2,4,3,4,3,4,2,3,4,4,1,1,3,3,1,4,2,3,1,3,2,4,2,1,2,2,4,3,20,24,22,F,2.4,3.75,2.5833333333333335,22,20
3,1,1,2,1,1,3,1,4,4,4,3,5,3,4,2,5,4,2,5,5,4,4,3,2,3,4,5,5,4,5,5,5,5,4,5,1,4,4,4,3,4,2,2,4,4,2,2,4,3,2,1,3,1,1,2,20,21,20,F,2.1,4.166666666666667,3.3333333333333335,20,20
4,1,2,1,1,1,2,4,5,2,2,4,4,2,2,1,5,1,2,4,4,2,5,2,5,1,4,3,2,4,5,4,4,1,2,5,5,5,2,4,3,3,5,2,4,4,1,4,4,4,4,1,1,4,2,4,20,29,21,F,2.9,4.166666666666667,2.8333333333333335,21,20
3,2,1,1,1,1,5,1,4,3,5,3,3,2,4,1,4,3,3,3,3,3,3,1,5,3,4,1,3,3,5,5,3,5,3,2,5,5,3,4,3,5,5,3,4,3,1,4,1,3,1,1,1,1,2,4,19,19,23,F,1.9,3.25,3,23,19
4,1,1,1,1,1,5,2,5,5,4,4,5,2,5,2,5,2,3,5,4,2,2,1,4,2,2,3,3,4,4,5,3,2,2,4,4,5,4,4,4,2,5,3,4,4,2,4,2,1,2,1,2,1,1,4,19,20,20,F,2,4.083333333333333,2.8333333333333335,20,19
4,1,3,3,2,2,2,4,4,2,2,2,2,2,3,1,4,1,4,4,4,4,2,2,2,2,2,1,2,4,1,5,2,1,3,4,4,5,2,4,2,4,5,3,4,5,4,4,4,5,4,4,4,5,4,4,22,42,28,F,4.2,2.9166666666666665,3.1666666666666665,28,22
4,3,2,2,2,1,3,5,4,2,3,3,4,1,4,2,4,4,2,4,3,4,2,2,5,2,3,4,4,3,5,2,3,2,2,4,4,4,2,4,4,3,3,3,4,4,2,4,5,5,5,1,5,5,5,4,35,41,31,M,4.1,3.8333333333333335,2.75,31,35
3,1,2,2,1,2,4,2,5,4,2,2,4,2,2,4,4,1,2,4,4,4,4,5,4,1,4,2,2,4,4,5,2,1,2,1,4,5,2,4,5,4,5,4,5,5,2,5,5,4,4,2,4,2,4,5,18,37,18,F,3.7,3.1666666666666665,3.4166666666666665,18,18
3,2,2,1,1,1,4,2,5,4,4,4,4,2,3,2,4,2,2,4,2,3,3,2,4,1,4,3,2,4,2,3,3,2,3,2,4,5,5,5,4,5,5,2,3,4,4,4,4,4,4,2,3,4,4,3,19,36,30,F,3.6,3.4166666666666665,3,30,19
4,1,2,1,1,1,5,2,5,4,2,4,5,4,4,3,5,4,2,4,5,3,3,1,2,3,2,3,4,3,2,5,2,2,1,5,5,4,3,5,4,4,5,3,4,4,2,3,1,3,1,1,1,1,2,3,21,18,19,M,1.8,4.083333333333333,2.6666666666666665,19,21
